0	0.9637650847434998
1	0.5829914212226868
2	0.6350612044334412
3	0.4833020865917206
4	0.2813913822174072
5	0.45700177550315857
6	1.6760250329971313
7	0.6293259859085083
8	0.557392954826355
9	0.7758814096450806
10	0.6674224734306335
11	1.6270864009857178
12	0.6326613426208496
13	2.0767440795898438
14	0.6915163397789001
15	0.849402904510498
16	0.714993953704834
17	0.6302528977394104
18	2.066544771194458
19	0.5672857761383057
20	1.0294277667999268
21	0.6359120011329651
22	1.4358738660812378
23	0.46136540174484253
24	0.559843897819519
25	1.9493141174316406
26	0.6220195889472961
27	0.5813000202178955
28	0.49112218618392944
29	0.7418729066848755
30	1.1359330415725708
31	0.6070729494094849
32	0.9277230501174927
33	0.4441879987716675
34	1.209464192390442
35	1.1134451627731323
36	0.8302711844444275
37	0.7141488194465637
38	0.4439542591571808
39	1.5607150793075562
40	0.6108079552650452
41	0.6965336203575134
42	0.8475049138069153
43	1.536190152168274
44	1.7871417999267578
45	0.5561355352401733
46	1.6828609704971313
47	0.26146677136421204
48	0.15150177478790283
49	1.1034983396530151
50	1.0222039222717285
51	0.5227031707763672
52	0.6276271343231201
53	0.8103737831115723
54	0.4930051267147064
55	0.3726915717124939
56	0.8237504959106445
57	0.5324984788894653
58	0.7316957116127014
59	1.0215859413146973
60	0.7489138841629028
61	0.9957301616668701
62	0.829749584197998
63	1.02232027053833
64	1.2291433811187744
65	1.3017876148223877
66	0.7620455622673035
67	1.188049077987671
68	0.6617842316627502
69	2.415289878845215
70	0.5274902582168579
71	1.1092404127120972
72	1.9693623781204224
73	0.9814608097076416
74	0.7996811270713806
75	2.1557486057281494
76	0.5875059366226196
77	2.017768144607544
78	2.163525342941284
79	0.44421443343162537
80	1.5575096607208252
81	0.9632207155227661
82	1.341787338256836
83	0.9205358624458313
84	0.2559066116809845
85	1.9353148937225342
86	0.5207614302635193
87	0.3484998345375061
88	0.4851340651512146
89	0.34030547738075256
90	0.5178303718566895
91	0.40436887741088867
92	0.5357682108879089
93	1.1934033632278442
94	0.6585774421691895
95	0.5397908687591553
96	0.4605310261249542
97	1.970533013343811
98	0.944583535194397
99	0.32283541560173035
100	0.5500478148460388
101	0.592999279499054
102	0.3179868757724762
103	0.6533432602882385
104	0.9108803868293762
105	1.1274747848510742
106	0.7538449168205261
107	1.0437296628952026
108	1.056780457496643
109	0.893075704574585
110	1.0799081325531006
111	0.521348237991333
112	0.48551827669143677
113	0.6518622636795044
114	0.8415809273719788
115	1.0032397508621216
116	1.1492564678192139
117	0.5808000564575195
118	0.6111251711845398
119	0.8169754147529602
120	0.2961832582950592
121	0.7656213641166687
122	2.2565207481384277
123	1.3114750385284424
124	0.48293930292129517
125	0.45294898748397827
126	0.61496502161026
127	1.1303471326828003
128	0.4551284909248352
129	0.8663061857223511
130	0.45287978649139404
131	0.47769778966903687
132	1.4627870321273804
133	1.190015196800232
134	0.6211339235305786
135	0.3538958430290222
136	0.5655466914176941
137	0.7190486788749695
138	0.41979673504829407
139	0.5492469072341919
140	0.9189309477806091
141	1.3547065258026123
142	0.9068848490715027
143	0.3575957119464874
144	0.8743615746498108
145	1.3465909957885742
146	0.6098717451095581
147	1.0973635911941528
148	1.5441535711288452
149	0.9369006752967834
150	1.5268566608428955
151	1.2997713088989258
152	0.3599700629711151
153	0.32817402482032776
154	1.0883034467697144
155	0.9763329029083252
156	0.5829514861106873
157	0.7616543173789978
158	0.6241333484649658
159	0.46254807710647583
160	1.5684411525726318
161	0.73011714220047
162	0.5701139569282532
163	0.252959668636322
164	0.7442908883094788
165	1.701573371887207
166	1.2333812713623047
167	0.3840304911136627
168	0.8938780426979065
169	0.6413733959197998
170	0.5735825300216675
171	2.012777328491211
172	1.3336031436920166
173	0.5116563439369202
174	0.4448309540748596
175	1.8440567255020142
176	0.683883547782898
177	0.9044381380081177
178	1.6028717756271362
179	0.20069897174835205
180	2.695103645324707
181	1.279231071472168
182	0.45046573877334595
183	0.8543064594268799
184	0.7474604845046997
185	0.86363285779953
186	0.5783979892730713
187	0.5545262098312378
188	2.778455972671509
189	0.726370632648468
190	0.78492271900177
191	0.3958863317966461
192	0.7410953640937805
193	1.8766505718231201
194	0.9298848509788513
195	0.9192325472831726
196	1.3065046072006226
197	1.9144598245620728
198	0.5101661682128906
199	0.35624924302101135
200	0.9630739092826843
201	0.5202280282974243
202	1.377166748046875
203	0.7790305614471436
204	0.4005591571331024
205	0.36044690012931824
206	0.935715913772583
207	0.7312666773796082
208	1.6312556266784668
209	0.5098369717597961
210	0.2619793713092804
211	1.866964340209961
212	0.9862576127052307
213	1.0887993574142456
214	1.0977790355682373
215	1.8458285331726074
216	0.6138947606086731
217	0.8300867676734924
218	1.4686503410339355
219	1.1993881464004517
220	0.4505661129951477
221	1.5080065727233887
222	0.5237321853637695
223	1.6035597324371338
224	1.4592396020889282
225	0.2137172520160675
226	1.3741354942321777
227	0.7059541940689087
228	0.6813771724700928
229	1.0456410646438599
230	0.45782187581062317
231	0.521958589553833
232	0.33659762144088745
233	0.7805758714675903
234	0.8310404419898987
235	0.9430221319198608
236	0.4078218638896942
237	0.448689341545105
238	0.6752622127532959
239	0.7547163367271423
240	1.6628237962722778
241	0.3277970850467682
242	0.5522965788841248
243	0.5751779675483704
244	0.8298700451850891
245	0.5285481810569763
246	0.932219922542572
247	0.7789150476455688
248	0.5715410113334656
249	1.0923980474472046
250	1.1263432502746582
251	1.0908361673355103
252	1.0842853784561157
253	0.38727694749832153
254	1.285666584968567
255	1.1384059190750122
256	0.9429516196250916
257	0.20414318144321442
258	1.8819146156311035
259	0.5772837400436401
260	0.6212670207023621
261	0.16339080035686493
262	0.7890293598175049
263	0.476997971534729
264	1.3957020044326782
265	1.213786005973816
266	0.6075947284698486
267	0.45901432633399963
268	0.5796034336090088
269	0.5554432272911072
270	0.5638856291770935
271	2.1143925189971924
272	0.5771623849868774
273	1.1310230493545532
274	1.0857019424438477
275	0.5937182903289795
276	0.44301897287368774
277	1.668763279914856
278	2.357511520385742
279	0.8091736435890198
280	0.1450020670890808
281	0.5110381245613098
282	0.5358094573020935
283	0.7670527100563049
284	0.4127328097820282
285	1.5495858192443848
286	0.9160662889480591
287	0.9191122651100159
288	0.6865933537483215
289	1.2029380798339844
290	0.9999324679374695
291	0.5579314231872559
292	1.0599015951156616
293	0.5123860239982605
294	0.6319340467453003
295	1.8061436414718628
296	1.594486117362976
297	0.9584386348724365
298	1.0305880308151245
299	0.2476012408733368
300	0.6275002956390381
301	0.6747403740882874
302	0.9020729660987854
303	1.3771823644638062
304	1.3211538791656494
305	0.3625098168849945
306	0.8604539632797241
307	0.8229316473007202
308	0.18111753463745117
309	0.2690633535385132
310	0.5969775319099426
311	0.9508208632469177
312	0.5499349236488342
313	0.6501205563545227
314	1.0942282676696777
315	0.7095655202865601
316	0.5194001197814941
317	2.1415152549743652
318	2.222855806350708
319	0.25532376766204834
320	1.6448301076889038
321	1.0635406970977783
322	0.7814494967460632
323	0.4685823619365692
324	0.5956372618675232
325	1.3007205724716187
326	0.7636542916297913
327	0.9421482086181641
328	2.027569532394409
329	1.2803882360458374
330	0.5807051658630371
331	0.9518467783927917
332	0.6697378158569336
333	0.7287322878837585
334	0.6196652054786682
335	2.205167770385742
336	0.6849765777587891
337	1.669499397277832
338	0.9528741240501404
339	0.4590538442134857
340	0.6411015391349792
341	0.45862245559692383
342	0.5592069625854492
343	0.5714433193206787
344	0.9642749428749084
345	0.8275009393692017
346	0.4115690290927887
347	1.3180079460144043
348	0.44247156381607056
349	0.7401204109191895
350	0.7263743281364441
351	0.4527275264263153
352	1.30267333984375
353	0.38706856966018677
354	1.7657283544540405
355	0.7912581562995911
356	1.5933388471603394
357	2.4238007068634033
358	0.5961210131645203
359	1.2965320348739624
360	1.4632761478424072
361	0.4577902555465698
362	0.8173771500587463
363	1.828661322593689
364	0.5561714172363281
365	0.2845487892627716
366	0.6190747618675232
367	0.2061857134103775
368	0.5635976791381836
369	0.6609284281730652
370	0.6680559515953064
371	0.328905314207077
372	0.9538466930389404
373	1.1813620328903198
374	0.6057055592536926
375	0.5043724179267883
376	0.38929811120033264
377	0.6421769857406616
378	1.1885043382644653
379	0.38083311915397644
380	0.33394524455070496
381	0.5389829277992249
382	0.20830769836902618
383	1.1776137351989746
384	0.9051681160926819
385	2.00089430809021
386	0.41322511434555054
387	1.069033145904541
388	0.9688252806663513
389	1.403324007987976
390	1.0388075113296509
391	0.43081730604171753
392	1.3157902956008911
393	0.4513004720211029
394	1.2613283395767212
395	0.3745521903038025
396	0.5942927002906799
397	2.122267961502075
398	0.5035781860351562
399	0.8030239343643188
400	0.9334096908569336
401	0.4609794616699219
402	0.704149067401886
403	1.9331684112548828
404	0.5764201283454895
405	0.8675673604011536
406	1.2320082187652588
407	1.032983660697937
408	0.8005667328834534
409	0.3970974385738373
410	1.2593234777450562
411	0.4900945723056793
412	0.5355905890464783
413	2.049118995666504
414	0.4512141942977905
415	1.1980609893798828
416	0.847048819065094
417	0.6452645063400269
418	0.14036978781223297
419	0.9610703587532043
420	0.8530291318893433
421	0.2576267123222351
422	0.1466369777917862
423	2.8096764087677
424	0.7124404311180115
425	1.7754547595977783
426	0.7238173484802246
427	0.8159236311912537
428	1.3506447076797485
429	0.6470808386802673
430	0.659022867679596
431	0.5583807229995728
432	0.3870479166507721
433	0.8863003253936768
434	1.6036759614944458
435	0.6714363098144531
436	0.44845378398895264
437	1.4054632186889648
438	1.2061123847961426
439	0.7399808764457703
440	0.7652764916419983
441	2.8693041801452637
442	1.9747892618179321
443	1.0554319620132446
444	0.9329826831817627
445	0.6098250150680542
446	0.43768665194511414
447	0.9851822257041931
448	0.6257146596908569
449	0.6989038586616516
450	2.1201553344726562
451	0.5494207739830017
452	0.8274291157722473
453	0.4161955416202545
454	0.8289348483085632
455	0.5279547572135925
456	0.6725683808326721
457	0.8225618004798889
458	0.3834606409072876
459	1.3388981819152832
460	0.9429758191108704
461	1.2536154985427856
462	1.1658236980438232
463	1.0192145109176636
464	0.5446566343307495
465	2.0126333236694336
466	1.791865348815918
467	0.5994000434875488
468	1.0606086254119873
469	0.3886410892009735
470	0.6143068075180054
471	0.5309420824050903
472	0.3788008987903595
473	1.5320136547088623
474	0.7434795498847961
475	0.7750052213668823
476	0.8042587041854858
477	0.6581800580024719
478	1.6339616775512695
479	0.5579313635826111
480	0.7619094252586365
481	0.6772698760032654
482	0.48163121938705444
483	0.9930588603019714
484	0.6814647912979126
485	0.8052962422370911
486	2.1806652545928955
487	0.8301053047180176
488	0.6437392234802246
489	0.9696586728096008
490	0.7571553587913513
491	1.3081144094467163
492	0.7161641716957092
493	0.5903568863868713
494	0.7894511222839355
495	0.28160351514816284
496	0.21025508642196655
497	0.9555549621582031
498	1.0156917572021484
499	1.1017903089523315
500	0.8059480786323547
501	0.49204427003860474
502	1.1576613187789917
503	1.4406611919403076
504	0.154988095164299
505	0.3643644452095032
506	0.634754478931427
507	0.5612110495567322
508	0.5488987565040588
509	0.509930431842804
510	1.9054455757141113
511	0.5083063244819641
512	0.8108870983123779
513	0.495319128036499
514	0.9580108523368835
515	2.313258409500122
516	2.461937189102173
517	0.3521978259086609
518	0.5295794010162354
519	0.9329426288604736
520	0.2003784477710724
521	1.5059466361999512
522	0.6323656439781189
523	1.8387372493743896
524	0.8925888538360596
525	0.6962668895721436
526	0.41993847489356995
527	1.9291826486587524
528	0.6089524626731873
529	0.6227258443832397
530	1.1891582012176514
531	0.6384130120277405
532	0.3821108341217041
533	1.549298644065857
534	2.1390931606292725
535	0.954637348651886
536	0.45460203289985657
537	0.5535759329795837
538	0.5106355547904968
539	0.9428452849388123
540	0.402644544839859
541	0.7519357800483704
542	0.3357207477092743
543	0.9801785945892334
544	1.3653168678283691
545	1.3800103664398193
546	0.7166828513145447
547	1.4970237016677856
548	0.7825255393981934
549	0.9925140738487244
550	0.7314669489860535
551	0.6779381632804871
552	0.6898733973503113
553	1.5697544813156128
554	0.14467963576316833
555	2.0329527854919434
556	0.8203083872795105
557	0.7436083555221558
558	0.7717249393463135
559	0.8356470465660095
560	0.721649706363678
561	0.3312823176383972
562	0.6910387873649597
563	0.4973047375679016
564	1.1826071739196777
565	1.8025671243667603
566	0.737769603729248
567	0.6488505601882935
568	1.197419285774231
569	0.8109996318817139
570	1.1111938953399658
571	0.601046085357666
572	0.8380832076072693
573	0.38124310970306396
574	0.9037360548973083
575	0.4788930416107178
576	1.5969123840332031
577	0.6710548400878906
578	0.5570051074028015
579	1.7793744802474976
580	0.9118453860282898
581	0.6034584641456604
582	1.0368298292160034
583	0.9691314101219177
584	0.18506282567977905
585	1.0895432233810425
586	0.8186625242233276
587	2.192007541656494
588	0.9536275267601013
589	0.6429072022438049
590	1.0856112241744995
591	0.6392528414726257
592	1.9780105352401733
593	1.3847594261169434
594	0.5358570218086243
595	1.7327945232391357
596	1.580629825592041
597	2.1871140003204346
598	1.019554615020752
599	2.2076680660247803
600	0.8211089372634888
601	1.2819098234176636
602	0.7339882254600525
603	0.579606831073761
604	0.5908791422843933
605	0.5609102845191956
606	0.6511639952659607
607	0.3465448319911957
608	0.8006795048713684
609	0.7470451593399048
610	0.4314054250717163
611	1.3174818754196167
612	0.7238040566444397
613	1.0923839807510376
614	1.3553507328033447
615	1.099389672279358
616	0.9517832398414612
617	0.48136961460113525
618	1.3492484092712402
619	0.7792752385139465
620	2.25296950340271
621	0.29977378249168396
622	0.3814499080181122
623	0.39352867007255554
624	1.433197021484375
625	0.5879377126693726
626	0.8705981969833374
627	2.762995958328247
628	1.0597437620162964
629	0.64922034740448
630	1.5707199573516846
631	0.5849568843841553
632	0.6816378235816956
633	2.1858739852905273
634	1.0638258457183838
635	1.08163321018219
636	0.4509575068950653
637	1.4001147747039795
638	0.1832023710012436
639	0.8113496899604797
640	0.6936355829238892
641	0.7215891480445862
642	0.3739049732685089
643	0.7314760088920593
644	0.4573798179626465
645	2.0569918155670166
646	1.6166820526123047
647	0.39688795804977417
648	0.48223695158958435
649	0.9395349621772766
650	1.3790593147277832
651	0.6489861607551575
652	0.9037595987319946
653	0.6949589848518372
654	0.46719831228256226
655	0.1698315590620041
656	0.5269644260406494
657	0.32414159178733826
658	0.7013691067695618
659	0.820869505405426
660	1.370192527770996
661	1.7382477521896362
662	1.5225259065628052
663	0.6435664296150208
664	0.3887195885181427
665	0.8498982787132263
666	0.9712653160095215
667	2.2653985023498535
668	1.880117416381836
669	0.718471348285675
670	0.7328763604164124
671	0.3531813621520996
672	1.278349757194519
673	2.142216444015503
674	0.25407934188842773
675	1.6291985511779785
676	0.6635321974754333
677	0.3986513018608093
678	0.7034183144569397
679	0.8189126253128052
680	0.9422845244407654
681	1.3152369260787964
682	0.41275691986083984
683	0.854143500328064
684	1.8283302783966064
685	1.430809736251831
686	0.6853986382484436
687	0.6138759851455688
688	0.7728845477104187
689	0.6442407965660095
690	1.2341370582580566
691	3.0051567554473877
692	0.8670065999031067
693	0.8502711057662964
694	1.0423845052719116
695	0.834348201751709
696	0.8696381449699402
697	0.48275691270828247
698	2.088892936706543
699	0.6427295207977295
700	0.6564609408378601
701	0.4510270059108734
702	0.5570395588874817
703	0.7730088829994202
704	1.0334385633468628
705	0.434953510761261
706	1.198173999786377
707	0.3718985319137573
708	1.249887466430664
709	1.1841527223587036
710	1.0793474912643433
711	0.3846684992313385
712	1.9711973667144775
713	0.5728868246078491
714	0.711108386516571
715	2.2197036743164062
716	0.6752980351448059
717	0.6865366101264954
718	0.5880022048950195
719	0.5560224652290344
720	1.791986346244812
721	0.6264128088951111
722	0.6303918361663818
723	1.2720203399658203
724	0.9688664674758911
725	0.458620548248291
726	1.4125739336013794
727	0.5028694272041321
728	0.6422389149665833
729	0.32026877999305725
730	0.9642449617385864
731	0.2052536904811859
732	0.32141757011413574
733	0.7724395990371704
734	1.5426406860351562
735	0.49916133284568787
736	1.3600232601165771
737	0.5402992963790894
738	1.2779691219329834
739	0.7346943616867065
740	0.9608401656150818
741	0.5700036287307739
742	1.3555907011032104
743	0.5574091672897339
744	1.591355562210083
745	0.6228778958320618
746	0.9668336510658264
747	0.7612065076828003
748	0.6674702763557434
749	0.5328987836837769
750	1.2265632152557373
751	1.0820562839508057
752	0.8503099083900452
753	0.48847389221191406
754	0.5778021812438965
755	1.1853606700897217
756	0.45105141401290894
757	0.5154628753662109
758	0.5223245620727539
759	0.9863843321800232
760	0.2596917748451233
761	0.842120885848999
762	0.9793363809585571
763	0.24450214207172394
764	0.7922540307044983
765	1.079025149345398
766	1.4506169557571411
767	0.6085392236709595
768	1.1900840997695923
769	2.045165538787842
770	1.1554656028747559
771	2.105834722518921
772	0.9811467528343201
773	0.7662569284439087
774	1.4932917356491089
775	0.40040531754493713
776	0.3873979151248932
777	0.5396541953086853
778	0.8151334524154663
779	1.679917335510254
780	1.6342103481292725
781	1.047155737876892
782	1.1684250831604004
783	0.5500231981277466
784	1.0527762174606323
785	0.6131193041801453
786	0.2833788990974426
787	0.9863409996032715
788	0.9232628345489502
789	0.4726952016353607
790	1.0574480295181274
791	0.7884432077407837
792	1.0749492645263672
793	0.5621591806411743
794	0.3075577914714813
795	0.534318745136261
796	1.3185510635375977
797	0.6754722595214844
798	0.6912800073623657
799	0.9782816767692566
800	0.8605867624282837
801	1.1431137323379517
802	0.7641492486000061
803	1.430789589881897
804	0.5636390447616577
805	0.9156028628349304
806	1.023024320602417
807	0.9880523681640625
808	1.0580378770828247
809	1.8060412406921387
810	0.7071589827537537
811	0.9836151599884033
812	2.0747525691986084
813	0.4500706195831299
814	0.9476540684700012
815	0.9973157644271851
816	0.3876914381980896
817	0.9194456338882446
818	0.6094973087310791
819	0.2376440465450287
820	1.4687632322311401
821	0.6892842054367065
822	0.5066271424293518
823	0.8508641123771667
824	0.5107688903808594
825	0.720032811164856
826	1.2402929067611694
827	0.46146926283836365
828	0.9093402028083801
829	1.547254204750061
830	0.3624359369277954
831	2.1170966625213623
832	1.0648776292800903
833	1.7494540214538574
834	0.574699342250824
835	1.6361243724822998
836	0.7099393606185913
837	0.6237013936042786
838	0.2401222437620163
839	0.6453695297241211
840	0.8243557810783386
841	0.44963425397872925
842	0.6290637254714966
843	0.8775889873504639
844	1.324603796005249
845	0.7605200409889221
846	0.2679765522480011
847	1.8295607566833496
848	0.3909028470516205
849	0.6091638207435608
850	1.6106882095336914
851	2.041891098022461
852	0.36982208490371704
853	0.48306524753570557
854	2.219635248184204
855	1.9041329622268677
856	0.7139116525650024
857	0.7874228358268738
858	1.0669595003128052
859	0.9254516363143921
860	0.31224027276039124
861	0.32784587144851685
862	0.504321813583374
863	0.8016168475151062
864	0.9311056733131409
865	0.5190078616142273
866	2.218888521194458
867	0.25963494181632996
868	1.4015172719955444
869	0.8693999648094177
870	0.9487631320953369
871	0.7461786866188049
872	0.567674994468689
873	1.4736665487289429
874	0.5986345410346985
875	0.918988049030304
876	1.002187728881836
877	0.47878924012184143
878	0.8027166724205017
879	0.6152961850166321
880	0.8556516766548157
881	0.6852020025253296
882	1.6380940675735474
883	0.7627109289169312
884	1.0194110870361328
885	1.500839352607727
886	0.769829273223877
887	2.096174716949463
888	2.0815603733062744
889	0.9736213684082031
890	1.467877745628357
891	0.30133357644081116
892	0.6281450390815735
893	0.667122483253479
894	0.8704782128334045
895	0.8242972493171692
896	0.41808685660362244
897	0.4587710499763489
898	1.0348708629608154
899	0.9974905252456665
900	0.9452343583106995
901	0.38786301016807556
902	0.5855892896652222
903	0.49489617347717285
904	0.39416152238845825
905	1.1962016820907593
